0.001542
0.007972
0.014242
0.020549
0.026915
0.033134
0.039381
0.045572
0.051554
0.057632
0.063997
0.070119
0.075928
0.081262
0.086645
0.092224
0.097610
0.102555
0.107923
0.113239
0.118582
0.123993
0.129369
0.134965
0.140512
0.145858
0.151264
0.156697
0.162370
0.168101
0.174049
0.180712
0.186804
0.192523
0.198291
0.204091
0.209795
0.215403
0.221049
0.226835
0.232657
0.238014
0.243191
0.248384
0.253713
0.258801
0.263736
0.268478
0.273300
0.278137
0.282875
0.287352
0.291726
0.296114
0.300561
0.304943
0.309157
0.313183
0.317218
0.321301
0.325381
0.329999
0.334748
0.339331
0.343898
0.348490
0.353067
0.358205
0.363002
0.367970
0.373052
0.378260
0.383378
0.388452
0.393475
0.398557
0.403612
0.408649
0.414125
0.419485
0.424895
0.430368
0.435688
0.441116
0.446567
0.452007
0.457463
0.463026
0.468609
0.474205
0.479818
0.485613
0.491500
0.498058
0.504516
0.510753
0.517002
0.523352
0.529592
0.535714
0.542200
0.548657
0.554923
0.561161
0.567357
0.573691
0.580029
0.586353
0.592663
0.598893
0.605155
0.611392
