0.13225150108337402
0.6683042049407959
1.1380224227905273
1.5970609188079834
2.090733766555786
2.618652105331421
3.0560381412506104
3.547853469848633
4.056211233139038
4.646363735198975
5.140442848205566
5.596346616744995
6.081223726272583
6.545044422149658
7.056647062301636
7.512732982635498
7.996968507766724
8.461034059524536
8.9825439453125
9.452468395233154
9.869975328445435
10.320894718170166
10.725088596343994
11.188679456710815
11.71253228187561
12.100736856460571
12.530540704727173
13.01820993423462
13.424840211868286
13.917602300643921
14.392623662948608
14.796603918075562
15.195407152175903
15.625072240829468
16.126453638076782
16.527551651000977
16.990066289901733
17.496620416641235
18.021117687225342
18.525187015533447
18.877379894256592
19.30477738380432
19.870606422424316
20.366522312164307
20.93563938140869
21.408015489578247
21.867785692214966
22.24868392944336
22.763343572616577
23.203936338424683
23.629841089248657
24.048606157302856
24.460644006729126
24.937777519226074
25.37507724761963
25.862715482711792
26.384031295776367
26.836238145828247
27.30887460708618
27.819039344787598
28.304158210754395
28.79291272163391
29.33284091949463
29.7596914768219
30.26208257675171
30.68744730949402
31.066561460494995
31.510725736618042
31.99325180053711
32.454235315322876
32.8987090587616
33.37102723121643
33.91246294975281
34.426352739334106
34.94894003868103
35.435895681381226
35.93481492996216
36.548136711120605
37.042394161224365
37.40275168418884
37.85376167297363
38.272953271865845
38.72295117378235
39.28803586959839
39.719521045684814
40.20312142372131
40.6560218334198
41.130165815353394
41.59021043777466
42.040515184402466
42.49788427352905
42.96901345252991
43.405356884002686
43.843984603881836
44.33384132385254
44.82950210571289
45.381656646728516
45.88143491744995
46.34253406524658
46.81960988044739
47.265796422958374
47.74244475364685
48.21805024147034
48.6504168510437
49.081053018569946
49.56931924819946
50.02803134918213
50.51176404953003
51.00027894973755
51.54752206802368
52.06435418128967
52.490410804748535
